0 吸血 0 0 0 5 120 0 5 0 0 19 0 13
1 暴擊 0 0 155 0 120 10 13 7 0 0 0 0
2 速度 0 0 0 4 120 17 17 0 0 0 0 4
3 速度 0 0 0 18 120 0 9 5 0 11 0 0
4 速度 0 0 0 18 120 0 0 0 0 6 15 6
5 速度 0 0 108 0 120 7 0 25 0 0 0 4
6 速度 0 0 0 7 120 0 0 10 0 0 5 10
7 吸血 0 0 0 29 120 8 0 9 0 0 5 0
8 吸血 0 0 52 0 120 0 5 20 0 0 0 9
9 反擊 0 0 0 6 105 27 5 0 0 0 6 0
10 速度 0 0 0 7 100 13 6 0 0 0 0 12
11 速度 0 0 0 18 100 7 12 0 0 0 0 4
12 生命 0 0 0 13 100 12 0 0 0 16 13 0
13 攻擊 0 0 0 7 105 0 6 14 0 0 0 5
14 速度 0 0 0 6 120 17 0 6 0 0 13 0
15 速度 0 0 0 7 100 14 10 0 0 0 0 10
16 抵抗 0 0 0 0 105 7 0 0 0 7 25 4
17 免疫 0 0 0 21 120 0 3 7 0 8 0 0
18 反擊 0 0 0 16 125 0 11 6 0 0 0 14
19 攻擊 0 0 0 21 125 8 13 13 0 0 0 0
