0 b 3 0 60 0 0 0 0 3 12 0 12 14 0
1 b 3 0 0 0 60 0 12 13 7 0 0 0 7
2 b 2 0 65 0 9 0 0 9 9 0 0 16 0
3 b 7 0 60 0 10 0 0 4 0 0 23 0 6
4 b 4 0 6 0 60 10 0 23 0 0 15 0 0
5 b 4 0 60 0 0 0 9 0 6 0 11 0 11
6 b 2 0 60 0 0 0 0 8 11 0 0 13 5
7 b 8 0 16 0 60 26 0 0 0 0 12 0 4
8 b 7 0 50 0 20 0 0 2 0 0 24 0 2
9 b 11 19 50 0 0 0 0 8 18 0 0 11 0
10 b 1 0 0 0 4 0 40 0 0 0 3 15 8
11 b 4 30 12 0 12 0 13 0 0 0 0 0 40
12 b 3 0 0 0 0 10 0 8 0 0 11 16 40
13 b 5 14 0 0 0 0 4 15 0 0 19 0 40
14 b 3 0 10 66 0 0 0 12 0 0 0 12 40
15 b 1 41 0 0 0 30 20 3 0 0 0 0 40
16 b 4 0 5 168 11 0 0 11 0 0 0 0 35
17 b 3 0 11 0 16 0 12 7 0 0 0 0 35
18 b 3 0 10 54 0 0 0 15 8 0 0 0 35
19 b 3 0 21 60 17 0 0 0 0 0 6 0 35
