1 h 3 0 0 1200 18 0 8 12 5 0 0 0 0
2 h 2 0 13 1230 0 0 0 0 0 0 5 17 11
3 h 7 0 21 1200 5 0 0 7 0 0 0 0 10
4 h 3 0 0 1200 13 0 0 9 0 0 19 8 0
5 h 3 0 7 1200 0 0 10 0 0 0 0 23 7
6 h 3 0 0 1200 0 0 5 4 25 0 9 0 0
7 h 3 23 0 1200 27 0 0 0 0 0 12 5 0
8 h 10 0 12 1200 25 0 0 0 13 0 0 0 3
9 h 1 0 5 1200 22 0 0 13 0 0 0 12 0
10 h 2 0 11 1200 12 0 0 0 18 0 6 0 0
11 h 3 0 11 1050 10 0 12 0 0 0 0 0 7
12 h 7 0 10 1050 23 0 0 8 0 0 0 0 3
13 h 0 0 0 1050 18 0 9 10 0 0 0 7 0
14 h 6 0 10 1050 0 13 9 0 12 0 0 0 0
15 h 11 0 12 1020 0 0 20 0 10 0 0 0 3
16 h 0 0 0 1020 22 0 10 0 0 0 0 5 6
17 h 2 0 15 870 0 0 11 3 0 0 0 0 4
18 h 3 19 0 750 0 0 0 11 10 0 0 17 0
