//0=生命 1=防禦 2=攻擊 3=速度 4=暴擊 5=命中 6=暴傷
//7=吸血 8=反擊 9=抵抗 10=夾擊 11=憤怒 12=免疫
//atk atk_pctg hp hp_pctg def def_pctg 
//crit_chance crit_dmg dual_atk_chance effectiveness effect_resist speed
w 3 310 18 0 18 0 0 12 0 0 0 0 11
h 3 0 0 1200 18 0 8 12 5 0 0 0 0
n 3 0 0 0 60 10 0 8 0 0 0 20 5
r 3 0 0 0 13 12 60 0 0 0 22 0 3
b 3 0 60 0 0 0 0 3 12 0 12 14 0
b 3 0 0 0 60 0 12 13 7 0 0 0 7
w 0 310 0 220 22 0 0 0 0 0 13 5 0
w 2 310 12 0 0 0 0 4 0 0 0 11 12
w 7 300 12 0 4 0 0 9 0 0 0 0 13
w 3 300 0 45 0 0 0 22 5 0 14 0 0
w 3 300 22 0 0 0 0 0 0 0 21 5 3
w 3 300 8 0 39 0 0 0 6 0 0 5 0
w 3 300 4 0 0 0 0 0 6 0 26 10 0
w 2 300 0 0 6 0 0 0 10 0 0 13 12
h 2 0 13 1230 0 0 0 0 0 0 5 17 11
h 7 0 21 1200 5 0 0 7 0 0 0 0 10
h 3 0 0 1200 13 0 0 9 0 0 19 8 0
h 3 0 7 1200 0 0 10 0 0 0 0 23 7
h 3 0 0 1200 0 0 5 4 25 0 9 0 0
h 3 23 0 1200 27 0 0 0 0 0 12 5 0
h 10 0 12 1200 25 0 0 0 13 0 0 0 3
h 1 0 5 1200 22 0 0 13 0 0 0 12 0
a 7 0 0 0 5 120 0 5 0 0 19 0 13
a 4 0 0 155 0 120 10 13 7 0 0 0 0
a 3 0 0 0 4 120 17 17 0 0 0 0 4
a 3 0 0 0 18 120 0 9 5 0 11 0 0
a 3 0 0 0 18 120 0 0 0 0 6 15 6
a 3 0 0 108 0 120 7 0 25 0 0 0 4
a 3 0 0 0 7 120 0 0 10 0 0 5 10
a 7 0 0 0 29 120 8 0 9 0 0 5 0
a 7 0 0 52 0 120 0 5 20 0 0 0 9
n 7 0 60 0 16 0 0 7 0 0 6 0 12
n 5 0 20 80 60 0 0 0 13 0 0 0 4
n 5 0 0 133 60 0 10 0 0 0 13 11 0
n 7 0 50 0 15 0 0 4 0 0 17 0 5
n 3 0 0 0 50 0 10 8 0 0 14 0 5
n 10 0 50 0 20 0 0 4 0 0 7 0 11
n 3 0 11 0 50 7 0 0 9 0 0 0 9
n 3 0 0 0 0 20 50 0 0 0 18 6 3
r 2 0 65 0 0 0 0 9 5 0 25 9 0
r 7 0 60 0 19 0 0 3 0 0 6 0 13
r 3 0 0 0 60 16 13 0 0 0 13 7 0
r 4 16 60 0 0 14 0 0 6 0 0 6 0
r 2 0 60 0 0 0 0 4 0 0 16 6 10
r 1 0 0 0 11 0 50 10 0 0 0 18 3
r 7 0 50 0 6 0 0 9 0 0 12 0 6
r 3 0 0 0 50 0 12 7 0 0 0 14 5
b 2 0 65 0 9 0 0 9 9 0 0 16 0
b 7 0 60 0 10 0 0 4 0 0 23 0 6
b 4 0 6 0 60 10 0 23 0 0 15 0 0
b 4 0 60 0 0 0 9 0 6 0 11 0 11
b 2 0 60 0 0 0 0 8 11 0 0 13 5
b 8 0 16 0 60 26 0 0 0 0 12 0 4
b 7 0 50 0 20 0 0 2 0 0 24 0 2
b 11 19 50 0 0 0 0 8 18 0 0 11 0
b 1 0 0 0 4 0 40 0 0 0 3 15 8
b 4 30 12 0 12 0 13 0 0 0 0 0 40
b 3 0 0 0 0 10 0 8 0 0 11 16 40
b 5 14 0 0 0 0 4 15 0 0 19 0 40
b 3 0 10 66 0 0 0 12 0 0 0 12 40
b 1 41 0 0 0 30 20 3 0 0 0 0 40
b 4 0 5 168 11 0 0 11 0 0 0 0 35
b 3 0 11 0 16 0 12 7 0 0 0 0 35
b 3 0 10 54 0 0 0 15 8 0 0 0 35
b 3 0 21 60 17 0 0 0 0 0 6 0 35
r 4 0 50 0 11 0 14 0 6 0 0 0 8
r 3 22 50 0 0 0 10 12 12 0 0 0 0
r 5 0 0 0 40 0 22 0 0 0 8 5 4
r 4 24 40 0 0 0 0 5 13 0 10 0 0
r 4 0 15 0 12 0 13 0 18 0 60 0 0
r 3 0 7 0 20 0 0 0 7 0 60 14 0
r 4 0 0 96 18 0 6 8 0 0 50 0 0
r 3 0 0 0 11 0 16 0 0 0 50 12 3
n 4 0 50 0 16 10 11 8 0 0 0 0 0
n 4 62 4 0 14 0 0 7 65 0 0 0 0
n 3 0 14 130 0 0 0 0 65 0 0 4 11
n 2 0 0 0 18 0 0 60 10 0 0 9 5
n 4 0 20 0 10 0 0 4 55 0 11 0 0
n 4 0 6 0 0 0 0 55 4 0 11 0 2
n 9 0 23 0 0 6 4 45 0 0 14 0 0
n 6 0 10 0 14 19 0 45 0 0 0 0 5
n 2 0 4 0 12 0 8 35 10 0 0 0 0
a 8 0 0 0 6 105 27 5 0 0 0 6 0
a 3 0 0 0 7 100 13 6 0 0 0 0 12
a 3 0 0 0 18 100 7 12 0 0 0 0 4
a 0 0 0 0 13 100 12 0 0 0 16 13 0
a 3 0 0 0 0 75 9 8 0 0 10 0 6
h 2 0 11 1200 12 0 0 0 18 0 6 0 0
h 3 0 11 1050 10 0 12 0 0 0 0 0 7
h 7 0 10 1050 23 0 0 8 0 0 0 0 3
h 0 0 0 1050 18 0 9 10 0 0 0 7 0
h 6 0 10 1050 0 13 9 0 12 0 0 0 0
h 11 0 12 1020 0 0 20 0 10 0 0 0 3
h 0 0 0 1020 22 0 10 0 0 0 0 5 6
h 2 0 15 870 0 0 11 3 0 0 0 0 4
h 3 19 0 750 0 0 0 11 10 0 0 17 0
w 2 300 0 72 20 0 0 7 13 0 0 0 0
w 1 300 6 0 18 0 0 8 0 0 15 0 0
w 11 265 21 0 0 0 0 9 5 0 0 0 3
w 7 265 13 0 6 0 0 8 0 0 0 0 9
w 2 265 13 0 0 0 0 14 0 0 12 0 4
w 3 265 0 0 0 0 0 12 12 0 4 0 3
w 1 265 0 0 17 0 0 5 0 0 12 0 5
w 0 265 0 119 19 0 0 0 0 0 12 0 5
w 0 255 11 0 20 0 0 7 0 0 0 11 0
w 0 220 8 112 16 0 0 6 0 0 0 0 0
w 2 220 16 51 0 0 0 10 0 0 0 0 2
