0 速度 0 0 0 60 10 0 0 8 0 0 20 5
1 吸血 0 60 0 16 0 0 7 0 0 6 0 12
2 命中 0 20 80 60 0 0 0 13 0 0 0 4
3 命中 0 0 133 60 0 10 0 0 0 13 11 0
4 吸血 0 50 0 15 0 0 4 0 0 17 0 5
5 速度 0 0 0 50 0 10 8 0 0 14 0 5
6 夾擊 0 50 0 20 0 0 4 0 0 7 0 11
7 速度 0 11 0 50 7 0 0 9 0 0 0 9
8 速度 0 0 0 0 20 50 0 0 0 18 6 3
9 暴擊 0 50 0 16 10 11 8 0 0 0 0 0
10 暴擊 62 4 0 14 0 0 7 65 0 0 0 0
11 速度 0 14 130 0 0 0 0 65 0 0 4 11
12 攻擊 0 0 0 18 0 0 60 10 0 0 9 5
13 暴擊 0 20 0 10 0 0 4 55 0 11 0 0
14 暴擊 0 6 0 0 0 0 55 4 0 11 0 2
15 抵抗 0 23 0 0 6 4 45 0 0 14 0 0
16 暴傷 0 10 0 14 19 0 45 0 0 0 0 5
17 命中 0 8 0 0 0 16 55 19 0 7 0 0
18 速度 53 11 0 0 10 0 55 12 0 0 0 0
19 暴擊 0 21 0 13 0 0 7 55 0 7 0 0
20 速度 0 60 139 15 0 0 3 10 0 0 0 0
21 反擊 0 0 0 0 0 7 55 0 0 25 7 5
22 反擊 0 9 0 60 6 0 7 0 0 19 0 0
23 速度 0 12 0 5 0 5 0 65 0 0 0 6
24 命中 0 0 0 5 0 60 7 0 0 0 26 7
25 夾擊 101 8 0 12 0 10 0 65 0 0 0 0
26 免疫 0 14 0 0 0 7 9 65 0 0 0 10
27 免疫 24 0 0 60 8 11 0 0 0 19 0 0
