0 速度 0 0 0 13 12 60 0 0 0 22 0 3
1 攻擊 0 65 0 0 0 0 9 5 0 25 9 0
2 吸血 0 60 0 19 0 0 3 0 0 6 0 13
3 速度 0 0 0 60 16 13 0 0 0 13 7 0
4 暴擊 16 60 0 0 14 0 0 6 0 0 6 0
5 攻擊 0 60 0 0 0 0 4 0 0 16 6 10
6 防禦 0 0 0 11 0 50 10 0 0 0 18 3
7 吸血 0 50 0 6 0 0 9 0 0 12 0 6
8 速度 0 0 0 50 0 12 7 0 0 0 14 5
9 暴擊 0 50 0 11 0 14 0 6 0 0 0 8
10 速度 22 50 0 0 0 10 12 12 0 0 0 0
11 命中 0 0 0 40 0 22 0 0 0 8 5 4
12 暴擊 24 40 0 0 0 0 5 13 0 10 0 0
13 暴擊 0 15 0 12 0 13 0 18 0 60 0 0
14 速度 0 7 0 20 0 0 0 7 0 60 14 0
15 暴擊 0 0 96 18 0 6 8 0 0 50 0 0
16 速度 0 0 0 11 0 16 0 0 0 50 12 3
17 速度 15 9 0 17 0 60 0 0 0 17 0 0
18 命中 0 60 0 0 0 0 5 17 0 6 19 0
19 攻擊 0 50 0 16 0 0 6 6 0 0 0 9
20 反擊 29 12 0 0 12 0 0 18 0 60 0 0
21 命中 0 13 0 0 0 10 0 0 0 19 60 3
22 反擊 0 0 56 60 0 0 20 0 0 0 6 6
