0 速度 310 18 0 18 0 0 12 0 0 0 0 11
1 生命 310 0 220 22 0 0 0 0 0 13 5 0
2 攻擊 310 12 0 0 0 0 4 0 0 0 11 12
3 吸血 300 12 0 4 0 0 9 0 0 0 0 13
4 速度 300 0 45 0 0 0 22 5 0 14 0 0
5 速度 300 22 0 0 0 0 0 0 0 21 5 3
6 速度 300 8 0 39 0 0 0 6 0 0 5 0
7 速度 300 4 0 0 0 0 0 6 0 26 10 0
8 攻擊 300 0 0 6 0 0 0 10 0 0 13 12
9 攻擊 300 0 72 20 0 0 7 13 0 0 0 0
10 防禦 300 6 0 18 0 0 8 0 0 15 0 0
11 憤怒 265 21 0 0 0 0 9 5 0 0 0 3
12 吸血 265 13 0 6 0 0 8 0 0 0 0 9
13 攻擊 265 13 0 0 0 0 14 0 0 12 0 4
14 速度 265 0 0 0 0 0 12 12 0 4 0 3
15 防禦 265 0 0 17 0 0 5 0 0 12 0 5
16 生命 265 0 119 19 0 0 0 0 0 12 0 5
17 生命 255 11 0 20 0 0 7 0 0 0 11 0
18 生命 220 8 112 16 0 0 6 0 0 0 0 0
19 攻擊 220 16 51 0 0 0 10 0 0 0 0 2
20 攻擊 300 4 0 0 0 0 7 21 0 4 0 0
21 速度 300 0 84 19 0 0 0 18 0 8 0 0
22 生命 310 25 0 15 0 0 5 13 0 0 0 0
23 生命 310 12 0 0 0 0 0 0 0 24 22 4
24 速度 310 20 0 9 0 0 16 0 0 0 0 9
25 反擊 300 10 0 0 0 0 12 11 0 10 0 0
26 暴傷 300 0 0 5 0 0 4 12 0 0 0 8
