0 生命 310 0 220 22 0 0 0 0 0 13 5 0
1 攻擊 310 12 0 0 0 0 4 0 0 0 11 12
2 吸血 300 12 0 4 0 0 9 0 0 0 0 13
3 速度 300 0 45 0 0 0 22 5 0 14 0 0
4 速度 300 4 0 0 0 0 0 6 0 26 10 0
5 攻擊 300 0 0 6 0 0 0 10 0 0 13 12
6 攻擊 300 0 72 20 0 0 7 13 0 0 0 0
7 防禦 300 6 0 18 0 0 8 0 0 15 0 0
8 憤怒 265 21 0 0 0 0 9 5 0 0 0 3
9 速度 265 0 0 0 0 0 12 12 0 4 0 3
10 防禦 265 0 0 17 0 0 5 0 0 12 0 5
11 生命 265 0 119 19 0 0 0 0 0 12 0 5
12 生命 255 11 0 20 0 0 7 0 0 0 11 0
13 攻擊 220 16 51 0 0 0 10 0 0 0 0 2
14 速度 300 0 84 19 0 0 0 18 0 8 0 0
15 生命 310 25 0 15 0 0 5 13 0 0 0 0
16 生命 310 12 0 0 0 0 0 0 0 24 22 4
17 暴傷 300 0 0 5 0 0 4 12 0 0 0 8
18 生命 310 14 0 0 0 0 0 11 0 0 19 8
19 反擊 300 13 0 6 0 0 0 0 0 20 13 0
