0 a 反擊 0 0 0 16 310 0 11 6 0 0 14 used
1 a 反擊 0 0 0 9 310 0 0 14 17 23 0 *
2 a 免疫 0 0 0 17 310 30 6 0 0 0 9 *
3 a 攻擊 0 0 0 21 310 8 13 13 0 0 0 used
4 a 速度 0 0 0 6 300 17 0 6 0 13 0 *
5 a 暴擊 0 0 379 0 300 10 13 7 0 0 0 *
6 a 命中 0 0 0 11 300 12 12 0 0 4 0 *
7 a 吸血 0 0 0 29 300 8 0 9 0 5 0 *
8 a 速度 0 0 0 4 300 17 17 0 0 0 4 *
9 a 吸血 0 0 0 5 300 0 5 0 19 0 13 used
10 a 生命 0 0 0 13 250 12 0 0 16 13 0 *
11 a 速度 0 0 0 18 300 0 9 5 11 0 0 used
12 a 速度 0 0 0 18 300 0 0 0 6 15 6 used
13 a 生命 0 0 0 12 300 0 3 0 0 17 4 *
14 a 吸血 0 0 158 0 300 0 5 20 0 0 9 used
15 a 免疫 0 0 0 21 300 0 3 7 8 0 0 *
16 a 速度 0 0 168 0 300 0 0 25 0 12 3 *
17 a 速度 0 0 320 0 300 7 0 25 0 0 4 *
18 a 速度 0 0 0 7 300 0 0 10 0 5 10 used
19 a 抵抗 0 0 0 0 260 7 0 0 7 25 4 *
20 a 速度 0 0 0 7 250 13 6 0 0 0 12 used
21 a 速度 0 0 0 18 250 7 12 0 0 0 4 used
22 a 速度 0 0 0 7 250 14 10 0 0 0 10 *
23 a 反擊 0 0 0 6 260 27 5 0 0 6 0 *
24 a 攻擊 0 0 0 7 260 0 6 14 0 0 5 used
25 a 攻擊 0 0 0 19 310 9 12 0 0 5 0 used
26 a 速度 0 0 0 13 310 0 13 0 0 10 7 *
27 a 破滅 0 0 0 0 300 0 14 6 8 18 0 *
28 a 速度 0 0 0 6 260 19 0 0 0 10 5 *
29 a 速度 0 0 0 8 300 11 0 12 0 0 4 *
