0 b 暴擊 66 12 0 12 0 13 0 0 0 0 40 *
1 b 攻擊 0 65 0 9 0 0 9 9 0 16 0 used
2 b 免疫 141 7 621 65 0 0 0 0 0 14 0 *
3 b 暴擊 0 6 0 60 31 0 23 0 15 0 0 *
4 b 暴擊 0 60 0 0 0 9 0 6 11 0 11 *
5 b 生命 0 0 0 60 59 13 0 13 0 0 7 *
6 b 反擊 79 0 0 0 0 0 4 0 12 22 40 *
7 b 防禦 78 0 0 0 93 20 3 0 0 0 40 used
8 b 反擊 0 16 0 60 89 0 0 0 12 0 4 *
9 b 吸血 0 60 0 10 0 0 4 0 23 0 6 used
10 b 速度 0 60 0 0 0 0 3 12 12 14 0 *
11 b 速度 0 0 0 0 29 0 8 0 11 16 40 used
12 b 攻擊 0 60 0 0 0 0 8 11 0 13 5 used
13 b 命中 32 0 0 0 0 4 15 0 19 0 40 used
14 b 速度 0 0 0 60 0 12 13 7 0 0 7 *
15 b 速度 0 12 177 0 0 21 0 0 0 12 40 used
16 b 夾攻 0 60 0 0 32 0 0 21 8 0 4 *
17 b 反擊 0 0 0 0 0 10 6 0 9 11 40 *
18 b 速度 0 10 172 0 0 0 12 0 0 12 40 used
19 b 速度 108 6 0 0 0 0 10 0 0 8 40 *
20 b 速度 0 10 151 0 0 0 15 8 0 0 35 *
21 b 憤怒 35 50 0 0 0 0 8 18 0 11 0 *
22 b 暴擊 0 60 0 7 0 0 13 10 12 0 0 used
23 b 吸血 0 50 0 20 0 0 2 0 24 0 2 *
24 b 速度 0 11 0 16 0 12 7 0 0 0 35 *
25 b 速度 0 21 157 17 0 0 0 0 6 0 35 used
26 b 暴擊 0 5 413 11 0 0 11 0 0 0 35 *
27 b 速度 0 65 0 0 0 0 13 6 0 18 7 used
28 b 抵抗 0 8 0 12 0 60 0 0 17 23 0 *
29 b 反擊 0 0 357 60 0 0 8 17 0 0 6 *
