0 h 速度 0 0 2765 10 0 21 0 0 0 6 7 *
1 h 攻擊 0 13 2765 0 0 0 0 0 5 17 11 *
2 h 生命 0 0 2700 32 67 0 0 4 0 4 0 *
3 h 命中 0 0 2700 21 33 0 0 0 0 19 6 used
4 h 吸血 0 21 2700 5 0 0 7 0 0 0 10 used
5 h 夾攻 0 12 2700 25 0 0 0 13 0 0 3 *
6 h 防禦 0 5 2700 22 0 0 13 0 0 12 0 *
7 h 命中 68 0 2700 0 0 7 0 18 0 0 10 *
8 h 免疫 0 19 2700 6 0 0 5 0 17 0 0 *
9 h 速度 0 0 2700 18 0 8 12 5 0 0 0 *
10 h 命中 0 8 2700 0 0 5 0 19 0 0 8 used
11 h 速度 0 0 2700 13 0 0 9 0 19 8 0 used
12 h 反擊 0 0 2700 15 31 0 0 0 13 20 0 *
13 h 攻擊 0 11 2700 12 0 0 0 18 6 0 0 used
14 h 速度 0 7 2700 0 0 10 0 0 0 23 7 used
15 h 速度 0 0 2700 0 0 5 4 25 9 0 0 used
16 h 憤怒 0 12 2295 0 0 20 0 10 0 0 3 *
17 h 速度 40 0 2700 27 0 0 0 0 12 5 0 used
18 h 暴擊 75 10 2700 0 0 10 0 13 0 0 0 *
19 h 速度 0 11 2360 10 0 12 0 0 0 0 7 *
20 h 速度 0 13 2360 0 0 9 8 10 0 0 0 *
21 h 吸血 0 10 2360 23 0 0 8 0 0 0 3 *
22 h 攻擊 0 20 2360 7 0 0 7 0 0 0 10 *
23 h 生命 0 0 2295 22 0 10 0 0 0 5 6 *
24 h 攻擊 0 17 2360 0 0 0 7 6 0 0 9 used
25 h 破滅 0 10 2360 0 49 9 0 12 0 0 0 *
26 h 攻擊 0 15 1760 0 0 11 3 0 0 0 4 *
27 h 生命 0 0 2125 18 0 9 10 0 0 7 0 *
28 h 暴擊 114 5 2700 0 0 0 0 12 0 0 5 *
29 h 破滅 0 5 2700 5 0 0 14 0 0 0 8 *
30 h 攻擊 0 11 2360 14 0 0 12 0 6 0 0 used
31 h 命中 0 6 2765 0 0 0 10 0 0 11 13 used
