0 n 速度 0 0 0 65 0 0 9 0 11 6 15 *
1 n 攻擊 0 0 0 18 0 0 60 10 0 9 5 *
2 n 暴擊 118 4 0 14 0 0 7 65 0 0 0 *
3 n 夾攻 173 8 0 12 0 10 0 65 0 0 0 *
4 n 免疫 0 14 0 0 0 7 9 65 0 0 10 *
5 n 吸血 0 60 0 16 0 0 7 0 6 0 12 *
6 n 命中 0 0 0 5 0 60 7 0 0 26 7 *
7 n 速度 0 0 0 6 0 15 11 65 8 0 0 *
8 n 暴擊 0 50 0 16 28 11 8 0 0 0 0 *
9 n 暴擊 0 20 0 10 0 0 4 55 11 0 0 *
10 n 速度 0 0 0 60 29 0 0 8 0 20 5 *
11 n 反擊 0 0 0 0 0 7 55 0 25 7 5 *
12 n 命中 0 20 186 60 0 0 0 13 0 0 4 *
13 n 暴擊 0 21 0 13 0 0 7 55 7 0 0 *
14 n 命中 0 0 345 60 0 10 0 0 13 11 0 *
15 n 生命 0 6 0 60 60 0 0 0 19 0 7 *
16 n 速度 0 60 351 15 0 0 3 10 0 0 0 *
17 n 命中 0 8 0 0 0 16 55 19 7 0 0 *
18 n 命中 32 12 0 0 0 0 10 65 0 0 10 *
19 n 攻擊 0 14 186 0 0 20 55 10 0 0 0 *
20 n 反擊 0 9 0 60 26 0 7 0 19 0 0 *
21 n 免疫 41 0 0 60 27 11 0 0 19 0 0 *
22 n 速度 0 14 342 0 0 0 0 65 0 4 11 *
23 n 速度 106 11 0 0 29 0 55 12 0 0 0 *
24 n 速度 0 0 0 50 0 10 8 0 14 0 5 *
25 n 夾攻 0 50 0 20 0 0 4 0 7 0 11 *
26 n 吸血 0 50 0 15 0 0 4 0 17 0 5 *
27 n 速度 0 11 0 50 25 0 0 9 0 0 9 *
28 n 速度 0 0 0 0 71 50 0 0 18 6 3 *
29 n 速度 0 12 0 5 0 5 0 65 0 0 6 *
30 n 抵抗 0 23 0 0 23 4 45 0 14 0 0 *
31 n 暴擊 0 6 0 0 0 0 55 4 11 0 2 *
