0 r 攻擊 0 65 0 0 0 0 9 5 25 9 0
1 r 速度 0 18 0 15 0 0 5 0 65 0 6
2 r 攻擊 0 60 520 0 0 0 0 17 0 4 6
3 r 反擊 67 12 0 0 33 0 0 18 60 0 0
4 r 免疫 0 13 0 60 0 7 8 0 0 20 0
5 r 命中 0 13 0 0 0 10 0 0 19 60 3
6 r 速度 34 9 0 17 0 60 0 0 17 0 0
7 r 吸血 0 60 0 19 0 0 3 0 6 0 13
8 r 速度 0 0 174 60 33 0 0 0 37 7 0
9 r 暴擊 0 0 178 60 0 0 0 16 16 13 0
10 r 免疫 0 0 557 0 0 14 9 10 60 0 0
11 r 暴擊 0 15 0 12 0 13 0 18 60 0 0
12 r 反擊 0 0 168 60 0 0 20 0 0 6 6
13 r 速度 0 0 318 60 0 13 5 0 0 12 0
14 r 攻擊 0 50 0 16 0 0 6 6 0 0 9
15 r 暴擊 0 0 290 18 0 6 8 0 50 0 0
16 r 攻擊 0 60 0 0 0 0 4 0 16 6 10
17 r 速度 0 0 0 13 31 60 0 0 22 0 3
18 r 命中 0 60 0 0 0 0 5 17 6 19 0
19 r 速度 0 7 0 20 0 0 0 7 60 14 0
20 r 速度 0 0 0 60 54 13 0 0 13 7 0
21 r 速度 0 0 0 50 0 12 7 0 0 14 5
22 r 防禦 0 0 0 11 0 50 10 0 0 18 3
23 r 暴擊 0 50 0 11 0 14 0 6 0 0 8
24 r 吸血 0 50 0 6 0 0 9 0 12 0 6
25 r 速度 37 50 0 0 0 10 12 12 0 0 0
26 r 速度 0 0 0 11 0 16 0 0 50 12 3
27 r 暴擊 31 60 0 0 46 0 0 6 0 6 0
28 r 暴擊 40 40 0 0 0 0 5 13 10 0 0
