0 w 生命 515 0 601 22 0 0 0 0 13 5 0 *
1 w 速度 515 11 0 6 0 0 0 0 0 6 19 *
2 w 攻擊 515 12 0 0 0 0 4 0 0 11 12 *
3 w 生命 515 25 0 15 0 0 5 13 0 0 0 *
4 w 生命 515 12 0 0 0 0 0 0 24 22 4 *
5 w 速度 515 20 0 9 0 0 16 0 0 0 9 *
6 w 生命 515 0 0 13 0 0 0 28 0 14 3 *
7 w 生命 515 14 0 0 0 0 0 11 0 19 8 *
8 w 速度 515 18 0 18 0 0 12 0 0 0 11 *
9 w 速度 500 0 157 0 0 0 22 5 14 0 0 *
10 w 速度 500 22 0 0 0 0 0 0 21 5 3 *
11 w 攻擊 500 0 0 6 0 0 0 10 0 13 12 *
12 w 速度 500 8 0 39 0 0 0 6 0 5 0 *
13 w 吸血 500 12 0 4 0 0 9 0 0 0 13 *
14 w 反擊 500 10 0 0 0 0 12 11 10 0 0 *
15 w 反擊 500 13 0 6 0 0 0 0 20 13 0 *
16 w 速度 500 0 190 19 0 0 0 18 8 0 0 *
17 w 攻擊 500 0 178 20 0 0 7 13 0 0 0 *
18 w 防禦 500 6 0 18 0 0 8 0 15 0 0 *
19 w 免疫 500 15 0 16 0 0 0 8 0 8 0 *
20 w 速度 500 4 0 0 0 0 0 6 26 10 0 *
21 w 攻擊 500 4 0 0 0 0 7 21 4 0 0 *
22 w 攻擊 440 13 0 0 0 0 14 0 12 0 4 *
23 w 防禦 440 0 0 17 0 0 5 0 12 0 5 *
24 w 速度 440 0 0 0 0 0 12 12 4 0 3 *
25 w 生命 440 0 313 19 0 0 0 0 12 0 5 *
26 w 憤怒 440 11 0 10 0 0 8 7 0 0 0 *
27 w 吸血 440 13 0 6 0 0 8 0 0 0 9 *
28 w 命中 440 13 0 14 0 0 0 0 23 7 0 *
29 w 生命 425 11 0 20 0 0 7 0 0 11 0 *
30 w 憤怒 440 21 0 0 0 0 9 5 0 0 3 *
31 w 破滅 500 0 0 5 0 0 4 12 0 0 8 *
32 w 攻擊 330 16 116 0 0 0 10 0 0 0 2 *
